    year    jan     feb     mar     apr     may     jun     jul     aug     sep     oct     nov     dec
    1927 -1.6451 -1.5371 -0.9263 -0.1732 -0.4370 -0.9314 -1.6555 -0.7195  0.3927 -1.0079 -1.5750 -1.7260
    1928 -2.1804 -2.0099 -1.5702 -0.3106  1.1808 -0.2357 -1.4313 -0.7195 -2.0326 -1.9519 -1.7958 -1.9733
    1929 -2.0402 -1.7720 -1.3665 -0.2837  1.0389 -0.0555 -0.0954  0.5170  0.6886 -0.5293 -0.9263 -1.4828
    1930 -1.6928 -1.3943 -1.2837  0.1371 -0.5888 -0.6972 -0.5058  0.0383 -0.6792 -0.6255 -1.6874 -1.8773
    1931 -1.8579 -2.0174 -0.8097  1.0310  1.4398 -0.4246 -0.9702 -0.5942  0.3988 -0.5242 -1.2518 -1.3168
    1932 -1.4828 -0.9113 -0.6311  0.1923  1.0094 -0.3901 -1.1842 -1.2765 -1.3903 -1.0877 -1.5141 -1.9105
    1933 -1.7720 -1.9519 -1.7958 -1.2140 -1.0079 -0.8557 -0.3990 -1.1648 -1.8515 -2.1716 -2.1716 -2.0099
    1934 -2.4418 -2.0326 -1.5559 -1.4482 -1.9379 -3.0576 -3.1701 -3.4738 -3.1466 -3.0366 -3.1011 -2.9375
    1935 -2.5010 -2.5010 -2.1456 -0.8557  1.2955 -0.1335 -1.9105 -0.5058 -1.5702 -1.9241 -1.8452 -1.9590
    1936 -2.3969 -2.3539 -1.9590 -0.9835 -0.6972 -1.6928 -2.2073 -1.6874 -0.9702 -0.6852 -1.4024 -2.0326
    1937 -2.3969 -2.2164 -1.4313  0.3639  0.2986  0.3639 -0.8965 -1.6766 -1.2946 -2.1893 -2.3539 -2.4534
    1938 -2.5770 -2.4769 -2.5383 -1.7148 -1.5654 -1.9241 -0.2182 -1.4567  0.4504 -0.8699 -1.7779 -1.9173
    1939 -1.9379 -1.7037 -0.4035  0.5098 -0.0555 -1.6983 -0.8097 -0.4246 -0.9263 -1.5187 -2.0402 -2.3752
    1940 -2.2828 -2.0794 -0.6199 -0.2536 -0.2497 -1.5006 -2.1371 -0.3783 -1.3432 -1.6246 -1.9590 -1.3471
    1941 -1.5896 -1.5512  0.1807  1.1544  2.3760  1.1455  0.4114  0.9030  1.3845  1.1181  0.4874 -0.6636
    1942 -1.0217 -1.3394 -1.1394  1.4727  1.0116 -0.2107 -0.9702 -0.2904  1.0116 -0.2009 -0.7919 -1.1842
    1943 -1.4147 -1.4872 -1.0385 -0.2497 -0.6463 -1.9519 -1.8452 -1.9951 -2.6173 -2.4304 -2.5770 -2.3228
    1944 -2.3228 -2.2164 -1.5465 -0.3341  0.6481 -0.5396 -0.6792 -1.7260 -2.3969 -1.2983 -1.4397 -1.7838
    1945 -2.0557 -1.6928 -1.1117 -0.2575  0.4101 -1.1301 -1.7148  0.2287 -0.8370 -1.5654 -2.0636 -2.3228
    1946 -2.4651 -2.3752 -1.6766 -0.8486 -1.7661 -2.9565 -2.5257 -0.1732 -0.0619 -0.0888 -0.3411 -0.8440
    1947 -1.5279 -1.7898 -1.3704 -0.7361 -0.0060 -1.8202 -2.3539 -1.9379 -2.2443 -2.4418 -2.4418 -2.3645
    1948 -2.3228 -1.9105 -0.7257  0.3577  0.2223 -0.2319 -1.7373 -1.5465 -2.5257 -2.4304 -2.2730 -2.3539
    1949 -2.5257 -1.9590 -1.0079  0.2382  0.6596  0.8202  0.1169 -0.2282 -1.4147 -1.7958 -2.2538 -2.5257
    1950 -2.3969 -2.2443 -2.3330 -2.1120 -2.6173 -2.5903  0.7898  0.0630 -1.5141 -1.9590 -2.3026 -2.4418
    1951 -2.4651 -2.6173 -2.5903 -1.6503 -1.5559 -2.7489 -1.3984 -0.3175 -2.2730 -2.8302 -2.6451 -2.4191
    1952 -2.0326 -2.3330 -1.9038  0.0334  0.4737 -0.6143 -2.1203 -0.9623 -1.4065 -2.7031 -2.7646 -2.0099
    1953 -2.1371 -2.6311 -2.3330 -2.2926 -1.4567 -2.0956 -3.0576 -2.0636 -2.7969 -3.1701 -1.8773 -2.2926
    1954 -2.2443 -2.7031 -2.5010 -1.8708 -1.9241 -3.0576 -2.3860 -2.1893 -3.0576 -2.4889 -2.9004 -3.2442
    1955 -2.7181 -2.7031 -2.7031 -1.9173  0.1570 -1.0877 -1.6928  0.5961 -1.0877 -1.9038 -2.2256 -2.2256
    1956 -2.4079 -2.6173 -2.5010 -2.3752 -2.8824 -3.8632 -3.3524 -3.4112 -4.5099 -4.5099 -4.2687 -3.7723
    1957 -2.9565 -3.1701 -2.2926 -1.5051 -0.5430 -1.2518 -1.5141  1.1894 -0.4246  0.9167  0.2685 -0.5058
    1958 -1.1744 -1.2946 -0.0651  1.6508  1.6288  0.3031 -1.2040 -0.3257 -0.0651 -1.2413 -1.2413 -1.6045
    1959 -1.8905 -1.8389 -1.6928 -0.7787  0.1345 -0.6463 -1.1940 -0.5692 -1.4961 -1.6296 -1.5995 -1.8452
    1960 -1.6607 -1.6145 -0.1143  0.6054  0.1275 -0.1532 -0.2009 -0.2536 -1.2801 -0.1177 -0.6349 -1.4065
    1961 -1.5702 -1.7373 -0.7012  0.8403  0.7011 -0.3216 -0.4861  1.5047 -0.0492 -0.9916 -1.1301 -1.3863
    1962 -1.4828 -1.0966 -1.3093  0.1947 -0.1210 -1.4653 -0.3610 -0.8097 -2.0174 -2.1628 -2.0636 -2.0636
    1963 -1.9590 -2.0402 -1.2208 -0.7985 -1.4828 -1.8773 -2.4304 -0.6463 -0.4636 -1.6874 -2.0326 -2.1804
    1964 -2.4534 -2.4889 -2.1982 -0.6972 -0.6255 -1.7603 -1.5799 -1.8264 -2.4418 -2.7031 -2.6882 -2.4191
    1965 -2.5257 -2.4889 -2.1893 -0.8843 -0.1143 -0.5639 -0.4732  0.3521 -1.2730 -1.9519 -2.0956 -2.0326
    1966 -2.1203 -2.2926 -1.6766 -1.2694 -1.3093 -2.0794 -0.7853  0.9266 -0.9755 -1.9661 -2.0715 -2.2926
    1967 -2.6037 -2.5010 -2.3539 -2.4304 -2.8824 -2.9188 -1.2801  0.8557 -0.1143 -1.4740 -1.9241 -2.2926
    1968 -2.3330 -2.1716 -0.9113 -0.1767  0.3112 -0.6199 -1.0385 -0.0060 -1.4567 -2.1542 -2.2443 -2.3228
    1969 -2.3330 -2.2926 -2.0794 -0.2219  0.5080 -0.7919 -0.4861 -0.4959 -0.0987  0.0080 -0.3857 -1.1489
    1970 -1.4188 -1.5702 -1.5465 -0.4246 -0.1404 -1.1301 -1.0217 -0.2459 -1.2837 -1.5995 -1.6983 -1.8971
    1971 -2.2349 -2.4304 -2.1120 -2.0636 -2.0956 -2.6736 -1.3168  0.0705 -1.2946 -1.1489 -1.2413 -1.2208
    1972 -1.5279 -1.9105 -1.7487 -1.9310 -2.0099 -2.0715 -0.2033  0.6642  0.3577 -0.0471 -0.2536 -0.9263
    1973 -1.2910 -1.3509 -0.4557  1.4727  1.8997  0.8002 -0.0672 -0.4589 -1.0300 -1.6607 -1.7958 -1.8389
    1974 -1.9241 -1.9661 -1.4439 -1.4271 -1.6713 -2.3752 -2.5383 -1.4106 -2.3126 -1.3903 -1.5896 -2.1542
    1975 -1.9951 -1.7779 -0.7319  0.0469  0.4806 -0.4246 -0.4035 -1.5418 -0.6675 -1.7720 -1.9173 -1.9449
    1976 -2.2256 -2.1716 -2.1371 -1.7603 -0.7985 -1.7603 -1.6503 -0.8892 -1.5559 -2.1120 -2.4191 -2.4889
    1977 -2.5510 -2.5770 -2.2634 -0.5997 -0.4861 -1.9733 -1.8140 -1.4567 -2.5133 -3.0159 -2.5903 -2.7806
    1978 -2.8134 -2.8647 -2.2730 -1.7316 -0.5692 -1.3356 -1.8140 -2.0402 -2.6451 -2.9759 -0.0294 -1.2040
    1979 -1.6607 -1.3318 -0.7722  0.5068  1.5890  1.2149 -0.2984 -0.6792 -1.4961 -2.0557 -2.0557 -1.9519
    1980 -2.0557 -2.0636 -2.0326 -0.5586  0.5647 -0.3411 -2.0250 -1.5559 -1.3020 -2.1286 -2.1456 -2.1982
    1981 -2.2538 -2.5257 -2.2256 -1.6928 -1.9519 -1.9038 -1.4567  0.5452 -0.3783 -1.1489 -1.8264 -2.0326
    1982 -2.2538 -1.9951 -1.3130 -0.8627 -0.1233 -1.1301 -2.0636 -0.5396 -0.1661 -1.1842 -1.4355 -1.5750
    1983 -1.5702 -1.1842 -0.3216  0.5994  0.8127  0.3653 -1.0217 -1.1842 -1.6246 -2.0636 -2.0636 -1.9449
    1984 -1.8389 -1.9038 -1.6874 -0.5534  0.1832 -0.8233 -1.5799 -1.3903 -2.1371 -1.1056 -1.1648 -0.8557
    1985 -1.3093 -0.8965  0.2086  1.0993  1.2879  0.4101 -0.4510 -0.8370 -1.1301 -0.4246 -1.3903 -1.7958
    1986 -2.0025 -1.6451 -1.5006 -0.7550 -0.6406  0.3315 -0.4110 -1.1489 -1.3130 -0.9467 -0.3411 -0.7361
    1987 -1.2413 -0.5430  0.6054  1.1979  1.2066  0.1441 -1.0966 -0.8627 -1.3020 -1.8264 -1.6145 -1.6296